# name: debug
# type: sparse matrix
# nnz: 2772
# rows: 312
# columns: 312

1 1 1000.000000000
2 1 0.000000000
3 1 0.000000000
4 1 -500.000000000
5 1 0.000000000
6 1 0.000000000
1 2 0.000000000
2 2 1000.000000000
3 2 225.000000000
4 2 0.000000000
5 2 -500.000000000
6 2 0.000000000
1 3 0.000000000
2 3 225.000000000
3 3 1101.250000000
4 3 0.000000000
5 3 -225.000000000
6 3 -500.000000000
1 4 -500.000000000
2 4 0.000000000
3 4 0.000000000
4 4 1000.000000000
5 4 0.000000000
6 4 0.000000000
7 4 -500.000000000
8 4 0.000000000
9 4 0.000000000
1 5 0.000000000
2 5 -500.000000000
3 5 -225.000000000
4 5 0.000000000
5 5 1000.000000000
6 5 225.000000000
7 5 0.000000000
8 5 -500.000000000
9 5 0.000000000
1 6 0.000000000
2 6 0.000000000
3 6 -500.000000000
4 6 0.000000000
5 6 225.000000000
6 6 1101.250000000
7 6 0.000000000
8 6 -225.000000000
9 6 -500.000000000
4 7 -500.000000000
5 7 0.000000000
6 7 0.000000000
7 7 1000.000000000
8 7 0.000000000
9 7 0.000000000
10 7 -500.000000000
11 7 0.000000000
12 7 0.000000000
4 8 0.000000000
5 8 -500.000000000
6 8 -225.000000000
7 8 0.000000000
8 8 1000.000000000
9 8 225.000000000
10 8 0.000000000
11 8 -500.000000000
12 8 0.000000000
4 9 0.000000000
5 9 0.000000000
6 9 -500.000000000
7 9 0.000000000
8 9 225.000000000
9 9 1101.250000000
10 9 0.000000000
11 9 -225.000000000
12 9 -500.000000000
7 10 -500.000000000
8 10 0.000000000
9 10 0.000000000
10 10 1000.000000000
11 10 0.000000000
12 10 -20.007860418
13 10 -500.000000000
14 10 0.000000000
15 10 0.000000000
7 11 0.000000000
8 11 -500.000000000
9 11 -225.000000000
10 11 0.000000000
11 11 1000.000000000
12 11 313.202617298
13 11 0.000000000
14 11 -500.000000000
15 11 0.000000000
7 12 0.000000000
8 12 0.000000000
9 12 -500.000000000
10 12 -20.007860418
11 12 313.202617298
12 12 1196.992387922
13 12 20.007860418
14 12 -313.202617298
15 12 -500.000000000
10 13 -500.000000000
11 13 0.000000000
12 13 20.007860418
13 13 1000.000000000
14 13 0.000000000
15 13 -125.866209570
16 13 -500.000000000
17 13 0.000000000
18 13 0.000000000
10 14 0.000000000
11 14 -500.000000000
12 14 -313.202617298
13 14 -0.000000000
14 14 1000.000000000
15 14 326.306960104
16 14 -0.000000000
17 14 -500.000000000
18 14 0.000000000
10 15 0.000000000
11 15 0.000000000
12 15 -500.000000000
13 15 -125.866209570
14 15 326.306960104
15 15 1244.637069848
16 15 125.866209570
17 15 -326.306960104
18 15 -500.000000000
13 16 -500.000000000
14 16 -0.000000000
15 16 125.866209570
16 16 1000.000000000
17 16 0.000000000
18 16 7.528071849
19 16 -500.000000000
20 16 0.000000000
21 16 0.000000000
13 17 0.000000000
14 17 -500.000000000
15 17 -326.306960104
16 17 -0.000000000
17 17 1000.000000000
18 17 272.505522958
19 17 0.000000000
20 17 -500.000000000
21 17 0.000000000
13 18 0.000000000
14 18 0.000000000
15 18 -500.000000000
16 18 7.528071849
17 18 272.505522958
18 18 1148.631863817
19 18 -7.528071849
20 18 -272.505522958
21 18 -500.000000000
16 19 -500.000000000
17 19 0.000000000
18 19 -7.528071849
19 19 1000.000000000
20 19 0.000000000
21 19 -4.703367026
22 19 -500.000000000
23 19 0.000000000
24 19 0.000000000
16 20 0.000000000
17 20 -500.000000000
18 20 -272.505522958
19 20 0.000000000
20 20 1000.000000000
21 20 245.590500290
22 20 0.000000000
23 20 -500.000000000
24 20 0.000000000
16 21 0.000000000
17 21 0.000000000
18 21 -500.000000000
19 21 -4.703367026
20 21 245.590500290
21 21 1120.673630988
22 21 4.703367026
23 21 -245.590500290
24 21 -500.000000000
19 22 -500.000000000
20 22 0.000000000
21 22 4.703367026
22 22 1000.000000000
23 22 0.000000000
24 22 -41.497974083
25 22 -500.000000000
26 22 0.000000000
27 22 0.000000000
19 23 0.000000000
20 23 -500.000000000
21 23 -245.590500290
22 23 0.000000000
23 23 1000.000000000
24 23 259.829222827
25 23 0.000000000
26 23 -500.000000000
27 23 0.000000000
19 24 0.000000000
20 24 0.000000000
21 24 -500.000000000
22 24 -41.497974083
23 24 259.829222827
24 24 1138.466613775
25 24 41.497974083
26 24 -259.829222827
27 24 -500.000000000
22 25 -500.000000000
23 25 0.000000000
24 25 41.497974083
25 25 1000.000000000
26 25 0.000000000
27 25 -116.684259032
28 25 -500.000000000
29 25 0.000000000
30 25 0.000000000
22 26 0.000000000
23 26 -500.000000000
24 26 -259.829222827
25 26 0.000000000
26 26 1000.000000000
27 26 224.447060894
28 26 0.000000000
29 26 -500.000000000
30 26 0.000000000
22 27 0.000000000
23 27 0.000000000
24 27 -500.000000000
25 27 -116.684259032
26 27 224.447060894
27 27 1127.983398900
28 27 116.684259032
29 27 -224.447060894
30 27 -500.000000000
25 28 -500.000000000
26 28 0.000000000
27 28 116.684259032
28 28 1000.000000000
29 28 0.000000000
30 28 4.033438717
31 28 -500.000000000
32 28 0.000000000
33 28 0.000000000
25 29 0.000000000
26 29 -500.000000000
27 29 -224.447060894
28 29 0.000000000
29 29 1000.000000000
30 29 244.379790395
31 29 0.000000000
32 29 -500.000000000
33 29 0.000000000
25 30 0.000000000
26 30 0.000000000
27 30 -500.000000000
28 30 4.033438717
29 30 244.379790395
30 30 1119.475501163
31 30 -4.033438717
32 30 -244.379790395
33 30 -500.000000000
28 31 -500.000000000
29 31 0.000000000
30 31 -4.033438717
31 31 1000.000000000
32 31 0.000000000
33 31 -18.277271211
34 31 -500.000000000
35 31 0.000000000
36 31 0.000000000
28 32 0.000000000
29 32 -500.000000000
30 32 -244.379790395
31 32 0.000000000
32 32 1000.000000000
33 32 260.640610381
34 32 0.000000000
35 32 -500.000000000
36 32 0.000000000
28 33 0.000000000
29 33 0.000000000
30 33 -500.000000000
31 33 -18.277271211
32 33 260.640610381
33 33 1136.535172846
34 33 18.277271211
35 33 -260.640610381
36 33 -500.000000000
31 34 -500.000000000
32 34 0.000000000
33 34 18.277271211
34 34 1000.000000000
35 34 0.000000000
36 34 129.062609488
37 34 -500.000000000
38 34 0.000000000
39 34 0.000000000
31 35 0.000000000
32 35 -500.000000000
33 35 -260.640610381
34 35 0.000000000
35 35 1000.000000000
36 35 321.254938940
37 35 0.000000000
38 35 -500.000000000
39 35 0.000000000
31 36 0.000000000
32 36 0.000000000
33 36 -500.000000000
34 36 129.062609488
35 36 321.254938940
36 36 1239.723785922
37 36 -129.062609488
38 36 -321.254938940
39 36 -500.000000000
34 37 -500.000000000
35 37 0.000000000
36 37 -129.062609488
37 37 1000.000000000
38 37 0.000000000
39 37 -39.994340157
40 37 -500.000000000
41 37 0.000000000
42 37 0.000000000
34 38 0.000000000
35 38 -500.000000000
36 38 -321.254938940
37 38 0.000000000
38 38 1000.000000000
39 38 225.332955677
40 38 0.000000000
41 38 -500.000000000
42 38 0.000000000
34 39 0.000000000
35 39 0.000000000
36 39 -500.000000000
37 39 -39.994340157
38 39 225.332955677
39 39 1104.748976317
40 39 39.994340157
41 39 -225.332955677
42 39 -500.000000000
37 40 -500.000000000
38 40 0.000000000
39 40 39.994340157
40 40 1000.000000000
41 40 0.000000000
42 40 -14.510331489
43 40 -500.000000000
44 40 0.000000000
45 40 0.000000000
37 41 0.000000000
38 41 -500.000000000
39 41 -225.332955677
40 41 0.000000000
41 41 1000.000000000
42 41 233.062880674
43 41 0.000000000
44 41 -500.000000000
45 41 0.000000000
37 42 0.000000000
38 42 0.000000000
39 42 -500.000000000
40 42 -14.510331489
41 42 233.062880674
42 42 1109.057712136
43 42 14.510331489
44 42 -233.062880674
45 42 -500.000000000
40 43 -500.000000000
41 43 0.000000000
42 43 14.510331489
43 43 1000.000000000
44 43 0.000000000
45 43 30.829626578
46 43 -500.000000000
47 43 0.000000000
48 43 0.000000000
40 44 0.000000000
41 44 -500.000000000
42 44 -233.062880674
43 44 0.000000000
44 44 1000.000000000
45 44 123.361693286
46 44 0.000000000
47 44 -500.000000000
48 44 0.000000000
40 45 0.000000000
41 45 0.000000000
42 45 -500.000000000
43 45 30.829626578
44 45 123.361693286
45 45 1032.337146491
46 45 -30.829626578
47 45 -123.361693286
48 45 -500.000000000
43 46 -500.000000000
44 46 0.000000000
45 46 -30.829626578
46 46 1000.000000000
47 46 0.000000000
48 46 -33.535175222
49 46 -500.000000000
50 46 0.000000000
51 46 0.000000000
43 47 0.000000000
44 47 -500.000000000
45 47 -123.361693286
46 47 0.000000000
47 47 1000.000000000
48 47 290.826861704
49 47 0.000000000
50 47 -500.000000000
51 47 0.000000000
43 48 0.000000000
44 48 0.000000000
45 48 -500.000000000
46 48 -33.535175222
47 48 290.826861704
48 48 1171.409742932
49 48 33.535175222
50 48 -290.826861704
51 48 -500.000000000
46 49 -500.000000000
47 49 0.000000000
48 49 33.535175222
49 49 1000.000000000
50 49 0.000000000
51 49 79.346106728
52 49 -500.000000000
53 49 0.000000000
54 49 0.000000000
46 50 0.000000000
47 50 -500.000000000
48 50 -290.826861704
49 50 -0.000000000
50 50 1000.000000000
51 50 201.257320719
52 50 -0.000000000
53 50 -500.000000000
54 50 0.000000000
46 51 0.000000000
47 51 0.000000000
48 51 -500.000000000
49 51 79.346106728
50 51 201.257320719
51 51 1093.600627592
52 51 -79.346106728
53 51 -201.257320719
54 51 -500.000000000
49 52 -500.000000000
50 52 -0.000000000
51 52 -79.346106728
52 52 1000.000000000
53 52 0.000000000
54 52 -56.302670986
55 52 -500.000000000
56 52 0.000000000
57 52 0.000000000
49 53 0.000000000
50 53 -500.000000000
51 53 -201.257320719
52 53 -0.000000000
53 53 1000.000000000
54 53 160.798434277
55 53 0.000000000
56 53 -500.000000000
57 53 0.000000000
49 54 0.000000000
50 54 0.000000000
51 54 -500.000000000
52 54 -56.302670986
53 54 160.798434277
54 54 1058.052254452
55 54 56.302670986
56 54 -160.798434277
57 54 -500.000000000
52 55 -500.000000000
53 55 0.000000000
54 55 56.302670986
55 55 1000.000000000
56 55 0.000000000
57 55 52.418491243
58 55 -500.000000000
59 55 0.000000000
60 55 0.000000000
52 56 0.000000000
53 56 -500.000000000
54 56 -160.798434277
55 56 0.000000000
56 56 1000.000000000
57 56 -40.691707332
58 56 0.000000000
59 56 -500.000000000
60 56 0.000000000
52 57 0.000000000
53 57 0.000000000
54 57 -500.000000000
55 57 52.418491243
56 57 -40.691707332
57 57 1008.807026539
58 57 -52.418491243
59 57 40.691707332
60 57 -500.000000000
55 58 -500.000000000
56 58 0.000000000
57 58 -52.418491243
58 58 1000.000000000
59 58 0.000000000
60 58 24.231293937
61 58 -500.000000000
62 58 0.000000000
63 58 0.000000000
55 59 0.000000000
56 59 -500.000000000
57 59 40.691707332
58 59 -0.000000000
59 59 1000.000000000
60 59 122.845588423
61 59 -0.000000000
62 59 -500.000000000
63 59 0.000000000
55 60 0.000000000
56 60 0.000000000
57 60 -500.000000000
58 60 24.231293937
59 60 122.845588423
60 60 1031.356388401
61 60 -24.231293937
62 60 -122.845588423
63 60 -500.000000000
58 61 -500.000000000
59 61 -0.000000000
60 61 -24.231293937
61 61 1000.000000000
62 61 0.000000000
63 61 47.609278212
64 61 -500.000000000
65 61 0.000000000
66 61 0.000000000
58 62 0.000000000
59 62 -500.000000000
60 62 -122.845588423
61 62 -0.000000000
62 62 1000.000000000
63 62 217.999290958
64 62 -0.000000000
65 62 -500.000000000
66 62 0.000000000
58 63 0.000000000
59 63 0.000000000
60 63 -500.000000000
61 63 47.609278212
62 63 217.999290958
63 63 1099.580668460
64 63 -47.609278212
65 63 -217.999290958
66 63 -500.000000000
61 64 -500.000000000
62 64 -0.000000000
63 64 -47.609278212
64 64 1000.000000000
65 64 0.000000000
66 64 -12.952498092
67 64 -500.000000000
68 64 0.000000000
69 64 0.000000000
61 65 0.000000000
62 65 -500.000000000
63 65 -217.999290958
64 65 -0.000000000
65 65 1000.000000000
66 65 209.273546647
67 65 0.000000000
68 65 -500.000000000
69 65 0.000000000
61 66 0.000000000
62 66 0.000000000
63 66 -500.000000000
64 66 -12.952498092
65 66 209.273546647
66 66 1087.926369066
67 66 12.952498092
68 66 -209.273546647
69 66 -500.000000000
64 67 -500.000000000
65 67 0.000000000
66 67 12.952498092
67 67 1000.000000000
68 67 0.000000000
69 67 5.078668942
70 67 -500.000000000
71 67 0.000000000
72 67 0.000000000
64 68 0.000000000
65 68 -500.000000000
66 68 -209.273546647
67 68 -0.000000000
68 68 1000.000000000
69 68 218.709030807
70 68 -0.000000000
71 68 -500.000000000
72 68 0.000000000
64 69 0.000000000
65 69 0.000000000
66 69 -500.000000000
67 69 5.078668942
68 69 218.709030807
69 69 1095.718866069
70 69 -5.078668942
71 69 -218.709030807
72 69 -500.000000000
67 70 -500.000000000
68 70 -0.000000000
69 70 -5.078668942
70 70 1000.000000000
71 70 0.000000000
72 70 -32.141975752
73 70 -500.000000000
74 70 0.000000000
75 70 0.000000000
67 71 0.000000000
68 71 -500.000000000
69 71 -218.709030807
70 71 -0.000000000
71 71 1000.000000000
72 71 167.708855211
73 71 0.000000000
74 71 -500.000000000
75 71 0.000000000
67 72 0.000000000
68 72 0.000000000
69 72 -500.000000000
70 72 -32.141975752
71 72 167.708855211
72 72 1058.318733442
73 72 32.141975752
74 72 -167.708855211
75 72 -500.000000000
70 73 -500.000000000
71 73 0.000000000
72 73 32.141975752
73 73 1000.000000000
74 73 0.000000000
75 73 -63.113012431
76 73 -500.000000000
77 73 0.000000000
78 73 0.000000000
70 74 0.000000000
71 74 -500.000000000
72 74 -167.708855211
73 74 0.000000000
74 74 1000.000000000
75 74 107.780554700
76 74 0.000000000
77 74 -500.000000000
78 74 0.000000000
70 75 0.000000000
71 75 0.000000000
72 75 -500.000000000
73 75 -63.113012431
74 75 107.780554700
75 75 1031.199800619
76 75 63.113012431
77 75 -107.780554700
78 75 -500.000000000
73 76 -500.000000000
74 76 0.000000000
75 76 63.113012431
76 76 1000.000000000
77 76 0.000000000
78 76 -91.126713861
79 76 -500.000000000
80 76 0.000000000
81 76 0.000000000
73 77 0.000000000
74 77 -500.000000000
75 77 -107.780554700
76 77 0.000000000
77 77 1000.000000000
78 77 99.360535102
79 77 0.000000000
80 77 -500.000000000
81 77 0.000000000
73 78 0.000000000
74 78 0.000000000
75 78 -500.000000000
76 78 -91.126713861
77 78 99.360535102
78 78 1036.353187830
79 78 91.126713861
80 78 -99.360535102
81 78 -500.000000000
76 79 -500.000000000
77 79 0.000000000
78 79 91.126713861
79 79 1000.000000000
80 79 0.000000000
81 79 -141.793461970
82 79 -500.000000000
83 79 0.000000000
84 79 0.000000000
76 80 0.000000000
77 80 -500.000000000
78 80 -99.360535102
79 80 0.000000000
80 80 1000.000000000
81 80 165.488573214
82 80 0.000000000
83 80 -500.000000000
84 80 0.000000000
76 81 0.000000000
77 81 0.000000000
78 81 -500.000000000
79 81 -141.793461970
80 81 165.488573214
81 81 1094.983707443
82 81 141.793461970
83 81 -165.488573214
84 81 -500.000000000
79 82 -500.000000000
80 82 0.000000000
81 82 141.793461970
82 82 1000.000000000
83 82 -0.000000000
84 82 -114.335130816
85 82 -500.000000000
86 82 -0.000000000
87 82 0.000000000
79 83 0.000000000
80 83 -500.000000000
81 83 -165.488573214
82 83 0.000000000
83 83 1000.000000000
84 83 235.821806720
85 83 0.000000000
86 83 -500.000000000
87 83 0.000000000
79 84 0.000000000
80 84 0.000000000
81 84 -500.000000000
82 84 -114.335130816
83 84 235.821806720
84 84 1137.368893327
85 84 114.335130816
86 84 -235.821806720
87 84 -500.000000000
82 85 -500.000000000
83 85 0.000000000
84 85 114.335130816
85 85 1000.000000000
86 85 -0.000000000
87 85 -110.175849273
88 85 -500.000000000
89 85 -0.000000000
90 85 0.000000000
82 86 -0.000000000
83 86 -500.000000000
84 86 -235.821806720
85 86 0.000000000
86 86 1000.000000000
87 86 129.020834760
88 86 0.000000000
89 86 -500.000000000
90 86 0.000000000
82 87 0.000000000
83 87 0.000000000
84 87 -500.000000000
85 87 -110.175849273
86 87 129.020834760
87 87 1057.570187130
88 87 110.175849273
89 87 -129.020834760
90 87 -500.000000000
85 88 -500.000000000
86 88 0.000000000
87 88 110.175849273
88 88 1000.000000000
89 88 -0.000000000
90 88 -187.721315860
91 88 -500.000000000
92 88 0.000000000
93 88 0.000000000
85 89 -0.000000000
86 89 -500.000000000
87 89 -129.020834760
88 89 0.000000000
89 89 1000.000000000
90 89 117.411922065
91 89 0.000000000
92 89 -500.000000000
93 89 0.000000000
85 90 0.000000000
86 90 0.000000000
87 90 -500.000000000
88 90 -187.721315860
89 90 117.411922065
90 90 1098.049703743
91 90 187.721315860
92 90 -117.411922065
93 90 -500.000000000
88 91 -500.000000000
89 91 0.000000000
90 91 187.721315860
91 91 1000.000000000
92 91 0.000000000
93 91 -132.607461665
94 91 -500.000000000
95 91 0.000000000
96 91 0.000000000
88 92 0.000000000
89 92 -500.000000000
90 92 -117.411922065
91 92 0.000000000
92 92 1000.000000000
93 92 87.640786998
94 92 0.000000000
95 92 -500.000000000
96 92 0.000000000
88 93 0.000000000
89 93 0.000000000
90 93 -500.000000000
91 93 -132.607461665
92 93 87.640786998
93 93 1050.531292870
94 93 132.607461665
95 93 -87.640786998
96 93 -500.000000000
91 94 -500.000000000
92 94 0.000000000
93 94 132.607461665
94 94 1000.000000000
95 94 -0.000000000
96 94 -67.375661508
97 94 -500.000000000
98 94 -0.000000000
99 94 0.000000000
91 95 0.000000000
92 95 -500.000000000
93 95 -87.640786998
94 95 0.000000000
95 95 1000.000000000
96 95 125.923428841
97 95 0.000000000
98 95 -500.000000000
99 95 0.000000000
91 96 0.000000000
92 96 0.000000000
93 96 -500.000000000
94 96 -67.375661508
95 96 125.923428841
96 96 1040.792379389
97 96 67.375661508
98 96 -125.923428841
99 96 -500.000000000
94 97 -500.000000000
95 97 0.000000000
96 97 67.375661508
97 97 1000.000000000
98 97 -0.000000000
99 97 -229.802362951
100 97 -500.000000000
101 97 0.000000000
102 97 0.000000000
94 98 -0.000000000
95 98 -500.000000000
96 98 -125.923428841
97 98 0.000000000
98 98 1000.000000000
99 98 -7.830488799
100 98 0.000000000
101 98 -500.000000000
102 98 0.000000000
94 99 0.000000000
95 99 0.000000000
96 99 -500.000000000
97 99 -229.802362951
98 99 -7.830488799
99 99 1105.740885145
100 99 229.802362951
101 99 7.830488799
102 99 -500.000000000
97 100 -500.000000000
98 100 0.000000000
99 100 229.802362951
100 100 1000.000000000
101 100 0.000000000
102 100 -220.651065434
103 100 -500.000000000
104 100 0.000000000
105 100 0.000000000
97 101 0.000000000
98 101 -500.000000000
99 101 7.830488799
100 101 0.000000000
101 101 1000.000000000
102 101 46.178352610
103 101 0.000000000
104 101 -500.000000000
105 101 0.000000000
97 102 0.000000000
98 102 0.000000000
99 102 -500.000000000
100 102 -220.651065434
101 102 46.178352610
102 102 1101.638665854
103 102 220.651065434
104 102 -46.178352610
105 102 -500.000000000
100 103 -500.000000000
101 103 0.000000000
102 103 220.651065434
103 103 1000.000000000
104 103 0.000000000
105 103 -152.396092317
106 103 -500.000000000
107 103 0.000000000
108 103 0.000000000
100 104 0.000000000
101 104 -500.000000000
102 104 -46.178352610
103 104 0.000000000
104 104 1000.000000000
105 104 -31.621269227
106 104 0.000000000
107 104 -500.000000000
108 104 0.000000000
100 105 0.000000000
101 105 0.000000000
102 105 -500.000000000
103 105 -152.396092317
104 105 -31.621269227
105 105 1048.448947242
106 105 152.396092317
107 105 31.621269227
108 105 -500.000000000
103 106 -500.000000000
104 106 0.000000000
105 106 152.396092317
106 106 1000.000000000
107 106 0.000000000
108 106 -209.979233593
109 106 -500.000000000
110 106 0.000000000
111 106 0.000000000
103 107 0.000000000
104 107 -500.000000000
105 107 31.621269227
106 107 0.000000000
107 107 1000.000000000
108 107 -14.866208143
109 107 0.000000000
110 107 -500.000000000
111 107 0.000000000
103 108 0.000000000
104 108 0.000000000
105 108 -500.000000000
106 108 -209.979233593
107 108 -14.866208143
108 108 1088.624565370
109 108 209.979233593
110 108 14.866208143
111 108 -500.000000000
106 109 -500.000000000
107 109 0.000000000
108 109 209.979233593
109 109 1000.000000000
110 109 -0.000000000
111 109 -189.382006004
112 109 -500.000000000
113 109 -0.000000000
114 109 0.000000000
106 110 0.000000000
107 110 -500.000000000
108 110 14.866208143
109 110 0.000000000
110 110 1000.000000000
111 110 -37.949915892
112 110 0.000000000
113 110 -500.000000000
114 110 0.000000000
106 111 0.000000000
107 111 0.000000000
108 111 -500.000000000
109 111 -189.382006004
110 111 -37.949915892
111 111 1074.611480628
112 111 189.382006004
113 111 37.949915892
114 111 -500.000000000
109 112 -500.000000000
110 112 0.000000000
111 112 189.382006004
112 112 1000.000000000
113 112 0.000000000
114 112 -235.942589189
115 112 -500.000000000
116 112 0.000000000
117 112 0.000000000
109 113 -0.000000000
110 113 -500.000000000
111 113 37.949915892
112 113 0.000000000
113 113 1000.000000000
114 113 -126.150169881
115 113 -0.000000000
116 113 -500.000000000
117 113 0.000000000
109 114 0.000000000
110 114 0.000000000
111 114 -500.000000000
112 114 -235.942589189
113 114 -126.150169881
114 114 1143.165541508
115 114 235.942589189
116 114 126.150169881
117 114 -500.000000000
112 115 -500.000000000
113 115 -0.000000000
114 115 235.942589189
115 115 1000.000000000
116 115 0.000000000
117 115 92.138864735
118 115 -500.000000000
119 115 -0.000000000
120 115 0.000000000
112 116 0.000000000
113 116 -500.000000000
114 116 126.150169881
115 116 0.000000000
116 116 1000.000000000
117 116 37.179154666
118 116 0.000000000
119 116 -500.000000000
120 116 0.000000000
112 117 0.000000000
113 117 0.000000000
114 117 -500.000000000
115 117 92.138864735
116 117 37.179154666
117 117 1019.743719873
118 117 -92.138864735
119 117 -37.179154666
120 117 -500.000000000
115 118 -500.000000000
116 118 0.000000000
117 118 -92.138864735
118 118 1000.000000000
119 118 -0.000000000
120 118 -243.597105126
121 118 -500.000000000
122 118 0.000000000
123 118 0.000000000
115 119 -0.000000000
116 119 -500.000000000
117 119 -37.179154666
118 119 0.000000000
119 119 1000.000000000
120 119 -256.823044621
121 119 0.000000000
122 119 -500.000000000
123 119 0.000000000
115 120 0.000000000
116 120 0.000000000
117 120 -500.000000000
118 120 -243.597105126
119 120 -256.823044621
120 120 1250.595251748
121 120 243.597105126
122 120 256.823044621
123 120 -500.000000000
118 121 -500.000000000
119 121 0.000000000
120 121 243.597105126
121 121 1000.000000000
122 121 0.000000000
123 121 -113.856499362
124 121 -500.000000000
125 121 0.000000000
126 121 0.000000000
118 122 0.000000000
119 122 -500.000000000
120 122 256.823044621
121 122 -0.000000000
122 122 1000.000000000
123 122 -175.476914734
124 122 -0.000000000
125 122 -500.000000000
126 122 0.000000000
118 123 0.000000000
119 123 0.000000000
120 123 -500.000000000
121 123 -113.856499362
122 123 -175.476914734
123 123 1087.510900103
124 123 113.856499362
125 123 175.476914734
126 123 -500.000000000
121 124 -500.000000000
122 124 -0.000000000
123 124 113.856499362
124 124 1000.000000000
125 124 0.000000000
126 124 -180.257402353
127 124 -500.000000000
128 124 0.000000000
129 124 0.000000000
121 125 0.000000000
122 125 -500.000000000
123 125 175.476914734
124 125 -0.000000000
125 125 1000.000000000
126 125 -196.205908055
127 125 0.000000000
128 125 -500.000000000
129 125 0.000000000
121 126 0.000000000
122 126 0.000000000
123 126 -500.000000000
124 126 -180.257402353
125 126 -196.205908055
126 126 1141.978978918
127 126 180.257402353
128 126 196.205908055
129 126 -500.000000000
124 127 -500.000000000
125 127 0.000000000
126 127 180.257402353
127 127 1000.000000000
128 127 0.000000000
129 127 -149.918316360
130 127 -500.000000000
131 127 0.000000000
132 127 0.000000000
124 128 0.000000000
125 128 -500.000000000
126 128 196.205908055
127 128 0.000000000
128 128 1000.000000000
129 128 -211.902229229
130 128 0.000000000
131 128 -500.000000000
132 128 0.000000000
124 129 0.000000000
125 129 0.000000000
126 129 -500.000000000
127 129 -149.918316360
128 129 -211.902229229
129 129 1134.756112665
130 129 149.918316360
131 129 211.902229229
132 129 -500.000000000
127 130 -500.000000000
128 130 0.000000000
129 130 149.918316360
130 130 1000.000000000
131 130 0.000000000
132 130 -40.553747879
133 130 -500.000000000
134 130 0.000000000
135 130 0.000000000
127 131 0.000000000
128 131 -500.000000000
129 131 211.902229229
130 131 0.000000000
131 131 1000.000000000
132 131 -234.138209080
133 131 0.000000000
134 131 -500.000000000
135 131 0.000000000
127 132 0.000000000
128 132 0.000000000
129 132 -500.000000000
130 132 -40.553747879
131 132 -234.138209080
132 132 1112.930614836
133 132 40.553747879
134 132 234.138209080
135 132 -500.000000000
130 133 -500.000000000
131 133 0.000000000
132 133 40.553747879
133 133 1000.000000000
134 133 0.000000000
135 133 -34.985173338
136 133 -500.000000000
137 133 0.000000000
138 133 0.000000000
130 134 0.000000000
131 134 -500.000000000
132 134 234.138209080
133 134 0.000000000
134 134 1000.000000000
135 134 -183.631969918
136 134 0.000000000
137 134 -500.000000000
138 134 0.000000000
130 135 0.000000000
131 135 0.000000000
132 135 -500.000000000
133 135 -34.985173338
134 135 -183.631969918
135 135 1069.889325459
136 135 34.985173338
137 135 183.631969918
138 135 -500.000000000
133 136 -500.000000000
134 136 0.000000000
135 136 34.985173338
136 136 1000.000000000
137 136 0.000000000
138 136 -188.858349504
139 136 -500.000000000
140 136 0.000000000
141 136 0.000000000
133 137 0.000000000
134 137 -500.000000000
135 137 183.631969918
136 137 0.000000000
137 137 1000.000000000
138 137 -216.180942716
139 137 0.000000000
140 137 -500.000000000
141 137 0.000000000
133 138 0.000000000
134 138 0.000000000
135 138 -500.000000000
136 138 -188.858349504
137 138 -216.180942716
138 138 1164.803352341
139 138 188.858349504
140 138 216.180942716
141 138 -500.000000000
136 139 -500.000000000
137 139 0.000000000
138 139 188.858349504
139 139 1000.000000000
140 139 0.000000000
141 139 -36.349083299
142 139 -500.000000000
143 139 0.000000000
144 139 0.000000000
136 140 0.000000000
137 140 -500.000000000
138 140 216.180942716
139 140 -0.000000000
140 140 1000.000000000
141 140 -229.976494476
142 140 -0.000000000
143 140 -500.000000000
144 140 0.000000000
136 141 0.000000000
137 141 0.000000000
138 141 -500.000000000
139 141 -36.349083299
140 141 -229.976494476
141 141 1108.420887736
142 141 36.349083299
143 141 229.976494476
144 141 -500.000000000
139 142 -500.000000000
140 142 -0.000000000
141 142 36.349083299
142 142 1000.000000000
143 142 0.000000000
144 142 -76.919038365
145 142 -500.000000000
146 142 0.000000000
147 142 0.000000000
139 143 0.000000000
140 143 -500.000000000
141 143 229.976494476
142 143 -0.000000000
143 143 1000.000000000
144 143 -273.095445509
145 143 0.000000000
146 143 -500.000000000
147 143 0.000000000
139 144 0.000000000
140 144 0.000000000
141 144 -500.000000000
142 144 -76.919038365
143 144 -273.095445509
144 144 1160.995321641
145 144 76.919038365
146 144 273.095445509
147 144 -500.000000000
142 145 -500.000000000
143 145 0.000000000
144 145 76.919038365
145 145 1000.000000000
146 145 0.000000000
147 145 -97.816372997
148 145 -500.000000000
149 145 0.000000000
150 145 0.000000000
142 146 0.000000000
143 146 -500.000000000
144 146 273.095445509
145 146 0.000000000
146 146 1000.000000000
147 146 -194.926068628
148 146 0.000000000
149 146 -500.000000000
150 146 0.000000000
142 147 0.000000000
143 147 0.000000000
144 147 -500.000000000
145 147 -97.816372997
146 147 -194.926068628
147 147 1095.128430114
148 147 97.816372997
149 147 194.926068628
150 147 -500.000000000
145 148 -500.000000000
146 148 0.000000000
147 148 97.816372997
148 148 1000.000000000
149 148 0.000000000
150 148 -28.382122136
151 148 -500.000000000
152 148 0.000000000
153 148 0.000000000
145 149 0.000000000
146 149 -500.000000000
147 149 194.926068628
148 149 0.000000000
149 149 1000.000000000
150 149 -234.889972694
151 149 0.000000000
152 149 -500.000000000
153 149 0.000000000
145 150 0.000000000
146 150 0.000000000
147 150 -500.000000000
148 150 -28.382122136
149 150 -234.889972694
150 150 1111.957688259
151 150 28.382122136
152 150 234.889972694
153 150 -500.000000000
148 151 -500.000000000
149 151 0.000000000
150 151 28.382122136
151 151 1000.000000000
152 151 0.000000000
153 151 -117.122055848
154 151 -500.000000000
155 151 0.000000000
156 151 0.000000000
148 152 0.000000000
149 152 -500.000000000
150 152 234.889972694
151 152 0.000000000
152 152 1000.000000000
153 152 -195.830907431
154 152 0.000000000
155 152 -500.000000000
156 152 0.000000000
148 153 0.000000000
149 153 0.000000000
150 153 -500.000000000
151 153 -117.122055848
152 153 -195.830907431
153 153 1104.134640543
154 153 117.122055848
155 153 195.830907431
156 153 -500.000000000
151 154 -500.000000000
152 154 0.000000000
153 154 117.122055848
154 154 1000.000000000
155 154 0.000000000
156 154 -98.355943711
157 154 -500.000000000
158 154 0.000000000
159 154 0.000000000
151 155 0.000000000
152 155 -500.000000000
153 155 195.830907431
154 155 -0.000000000
155 155 1000.000000000
156 155 -98.366865678
157 155 -0.000000000
158 155 -500.000000000
159 155 0.000000000
151 156 0.000000000
152 156 0.000000000
153 156 -500.000000000
154 156 -98.355943711
155 156 -98.366865678
156 156 1038.699863853
157 156 98.355943711
158 156 98.366865678
159 156 -500.000000000
154 157 -500.000000000
155 157 -0.000000000
156 157 98.355943711
157 157 1000.000000000
158 157 0.000000000
159 157 -41.431109118
160 157 -500.000000000
161 157 0.000000000
162 157 0.000000000
154 158 0.000000000
155 158 -500.000000000
156 158 98.366865678
157 158 -0.000000000
158 158 1000.000000000
159 158 -200.764539317
160 158 0.000000000
161 158 -500.000000000
162 158 0.000000000
154 159 0.000000000
155 159 0.000000000
156 159 -500.000000000
157 159 -41.431109118
158 159 -200.764539317
159 159 1084.045874100
160 159 41.431109118
161 159 200.764539317
162 159 -500.000000000
157 160 -500.000000000
158 160 0.000000000
159 160 41.431109118
160 160 1000.000000000
161 160 -0.000000000
162 160 -209.939817466
163 160 -500.000000000
164 160 -0.000000000
165 160 0.000000000
157 161 0.000000000
158 161 -500.000000000
159 161 200.764539317
160 161 0.000000000
161 161 1000.000000000
162 161 -165.776396607
163 161 0.000000000
164 161 -500.000000000
165 161 0.000000000
157 162 0.000000000
158 162 0.000000000
159 162 -500.000000000
160 162 -209.939817466
161 162 -165.776396607
162 162 1143.113081259
163 162 209.939817466
164 162 165.776396607
165 162 -500.000000000
160 163 -500.000000000
161 163 0.000000000
162 163 209.939817466
163 163 1000.000000000
164 163 -0.000000000
165 163 -172.593680400
166 163 -500.000000000
167 163 0.000000000
168 163 0.000000000
160 164 -0.000000000
161 164 -500.000000000
162 164 165.776396607
163 164 0.000000000
164 164 1000.000000000
165 164 -234.742665161
166 164 0.000000000
167 164 -500.000000000
168 164 0.000000000
160 165 0.000000000
161 165 0.000000000
162 165 -500.000000000
163 165 -172.593680400
164 165 -234.742665161
165 165 1169.785394722
166 165 172.593680400
167 165 234.742665161
168 165 -500.000000000
163 166 -500.000000000
164 166 0.000000000
165 166 172.593680400
166 166 1000.000000000
167 166 -0.000000000
168 166 -86.605629053
169 166 -500.000000000
170 166 -0.000000000
171 166 0.000000000
163 167 0.000000000
164 167 -500.000000000
165 167 234.742665161
166 167 0.000000000
167 167 1000.000000000
168 167 -181.445496976
169 167 0.000000000
170 167 -500.000000000
171 167 0.000000000
163 168 0.000000000
164 168 0.000000000
165 168 -500.000000000
166 168 -86.605629053
167 168 -181.445496976
168 168 1080.846006713
169 168 86.605629053
170 168 181.445496976
171 168 -500.000000000
166 169 -500.000000000
167 169 0.000000000
168 169 86.605629053
169 169 1000.000000000
170 169 -0.000000000
171 169 -184.231206387
172 169 -500.000000000
173 169 -0.000000000
174 169 0.000000000
166 170 -0.000000000
167 170 -500.000000000
168 170 181.445496976
169 170 0.000000000
170 170 1000.000000000
171 170 -201.503524773
172 170 0.000000000
173 170 -500.000000000
174 170 0.000000000
166 171 0.000000000
167 171 0.000000000
168 171 -500.000000000
169 171 -184.231206387
170 171 -201.503524773
171 171 1149.089615805
172 171 184.231206387
173 171 201.503524773
174 171 -500.000000000
169 172 -500.000000000
170 172 0.000000000
171 172 184.231206387
172 172 1000.000000000
173 172 -0.000000000
174 172 -124.305358148
175 172 -500.000000000
176 172 0.000000000
177 172 0.000000000
169 173 -0.000000000
170 173 -500.000000000
171 173 201.503524773
172 173 0.000000000
173 173 1000.000000000
174 173 -159.954119933
175 173 0.000000000
176 173 -500.000000000
177 173 0.000000000
169 174 0.000000000
170 174 0.000000000
171 174 -500.000000000
172 174 -124.305358148
173 174 -159.954119933
174 174 1082.074285096
175 174 124.305358148
176 174 159.954119933
177 174 -500.000000000
172 175 -500.000000000
173 175 0.000000000
174 175 124.305358148
175 175 1000.000000000
176 175 0.000000000
177 175 65.328454072
178 175 -500.000000000
179 175 0.000000000
180 175 0.000000000
172 176 0.000000000
173 176 -500.000000000
174 176 159.954119933
175 176 0.000000000
176 176 1000.000000000
177 176 -3.955000782
178 176 0.000000000
179 176 -500.000000000
180 176 0.000000000
172 177 0.000000000
173 177 0.000000000
174 177 -500.000000000
175 177 65.328454072
176 177 -3.955000782
177 177 1008.566897885
178 177 -65.328454072
179 177 3.955000782
180 177 -500.000000000
175 178 -500.000000000
176 178 0.000000000
177 178 -65.328454072
178 178 1000.000000000
179 178 0.000000000
180 178 -110.183828380
181 178 -500.000000000
182 178 0.000000000
183 178 0.000000000
175 179 0.000000000
176 179 -500.000000000
177 179 3.955000782
178 179 0.000000000
179 179 1000.000000000
180 179 -181.831474142
181 179 0.000000000
182 179 -500.000000000
183 179 0.000000000
175 180 0.000000000
176 180 0.000000000
177 180 -500.000000000
178 180 -110.183828380
179 180 -181.831474142
180 180 1090.406322050
181 180 110.183828380
182 180 181.831474142
183 180 -500.000000000
178 181 -500.000000000
179 181 0.000000000
180 181 110.183828380
181 181 1000.000000000
182 181 0.000000000
183 181 -137.773622473
184 181 -500.000000000
185 181 0.000000000
186 181 0.000000000
178 182 0.000000000
179 182 -500.000000000
180 182 181.831474142
181 182 -0.000000000
182 182 1000.000000000
183 182 -139.386664974
184 182 -0.000000000
185 182 -500.000000000
186 182 0.000000000
178 183 0.000000000
179 183 0.000000000
180 183 -500.000000000
181 183 -137.773622473
182 183 -139.386664974
183 183 1076.820426844
184 183 137.773622473
185 183 139.386664974
186 183 -500.000000000
181 184 -500.000000000
182 184 -0.000000000
183 184 137.773622473
184 184 1000.000000000
185 184 0.000000000
186 184 -156.566411679
187 184 -500.000000000
188 184 0.000000000
189 184 0.000000000
181 185 0.000000000
182 185 -500.000000000
183 185 139.386664974
184 185 -0.000000000
185 185 1000.000000000
186 185 -211.932990325
187 185 0.000000000
188 185 -500.000000000
189 185 0.000000000
181 186 0.000000000
182 186 0.000000000
183 186 -500.000000000
184 186 -156.566411679
185 186 -211.932990325
186 186 1138.857267308
187 186 156.566411679
188 186 211.932990325
189 186 -500.000000000
184 187 -500.000000000
185 187 0.000000000
186 187 156.566411679
187 187 500.000000000
188 187 0.000000000
189 187 0.000000000
184 188 0.000000000
185 188 -500.000000000
186 188 211.932990325
187 188 0.000000000
188 188 500.000000000
189 188 0.000000000
184 189 0.000000000
185 189 0.000000000
186 189 -500.000000000
187 189 0.000000000
188 189 0.000000000
189 189 500.000000000
190 190 500.000000000
191 190 0.000000000
192 190 142.165027029
193 190 -500.000000000
194 190 0.000000000
195 190 0.000000000
190 191 0.000000000
191 191 500.000000000
192 191 137.434903887
193 191 0.000000000
194 191 -500.000000000
195 191 0.000000000
190 192 142.165027029
191 192 137.434903887
192 192 578.198495433
193 192 -142.165027029
194 192 -137.434903887
195 192 -500.000000000
190 193 -500.000000000
191 193 0.000000000
192 193 -142.165027029
193 193 1000.000000000
194 193 0.000000000
195 193 -0.762236115
196 193 -500.000000000
197 193 0.000000000
198 193 0.000000000
190 194 0.000000000
191 194 -500.000000000
192 194 -137.434903887
193 194 -0.000000000
194 194 1000.000000000
195 194 8.405946523
196 194 -0.000000000
197 194 -500.000000000
198 194 0.000000000
190 195 0.000000000
191 195 0.000000000
192 195 -500.000000000
193 195 -0.762236115
194 195 8.405946523
195 195 1000.142481882
196 195 0.762236115
197 195 -8.405946523
198 195 -500.000000000
193 196 -500.000000000
194 196 -0.000000000
195 196 0.762236115
196 196 1000.000000000
197 196 0.000000000
198 196 211.508250939
199 196 -500.000000000
200 196 -0.000000000
201 196 0.000000000
193 197 0.000000000
194 197 -500.000000000
195 197 -8.405946523
196 197 0.000000000
197 197 1000.000000000
198 197 124.485143601
199 197 0.000000000
200 197 -500.000000000
201 197 0.000000000
193 198 0.000000000
194 198 0.000000000
195 198 -500.000000000
196 198 211.508250939
197 198 124.485143601
198 198 1120.464582386
199 198 -211.508250939
200 198 -124.485143601
201 198 -500.000000000
196 199 -500.000000000
197 199 0.000000000
198 199 -211.508250939
199 199 1000.000000000
200 199 -0.000000000
201 199 238.211040190
202 199 -500.000000000
203 199 0.000000000
204 199 0.000000000
196 200 -0.000000000
197 200 -500.000000000
198 200 -124.485143601
199 200 0.000000000
200 200 1000.000000000
201 200 81.604909552
202 200 0.000000000
203 200 -500.000000000
204 200 0.000000000
196 201 0.000000000
197 201 0.000000000
198 201 -500.000000000
199 201 238.211040190
200 201 81.604909552
201 201 1126.807721862
202 201 -238.211040190
203 201 -81.604909552
204 201 -500.000000000
199 202 -500.000000000
200 202 0.000000000
201 202 -238.211040190
202 202 1000.000000000
203 202 0.000000000
204 202 174.656770234
205 202 -500.000000000
206 202 0.000000000
207 202 0.000000000
199 203 0.000000000
200 203 -500.000000000
201 203 -81.604909552
202 203 0.000000000
203 203 1000.000000000
204 203 134.879822289
205 203 0.000000000
206 203 -500.000000000
207 203 0.000000000
199 204 0.000000000
200 204 0.000000000
201 204 -500.000000000
202 204 174.656770234
203 204 134.879822289
204 204 1097.395107699
205 204 -174.656770234
206 204 -134.879822289
207 204 -500.000000000
202 205 -500.000000000
203 205 0.000000000
204 205 -174.656770234
205 205 1000.000000000
206 205 -0.000000000
207 205 126.126954702
208 205 -500.000000000
209 205 -0.000000000
210 205 0.000000000
202 206 0.000000000
203 206 -500.000000000
204 206 -134.879822289
205 206 0.000000000
206 206 1000.000000000
207 206 118.147109076
208 206 0.000000000
209 206 -500.000000000
210 206 0.000000000
202 207 0.000000000
203 207 0.000000000
204 207 -500.000000000
205 207 126.126954702
206 207 118.147109076
207 207 1059.733496171
208 207 -126.126954702
209 207 -118.147109076
210 207 -500.000000000
205 208 -500.000000000
206 208 0.000000000
207 208 -126.126954702
208 208 1000.000000000
209 208 -0.000000000
210 208 199.203597146
211 208 -500.000000000
212 208 0.000000000
213 208 0.000000000
205 209 -0.000000000
206 209 -500.000000000
207 209 -118.147109076
208 209 0.000000000
209 209 1000.000000000
210 209 140.796966663
211 209 0.000000000
212 209 -500.000000000
213 209 0.000000000
205 210 0.000000000
206 210 0.000000000
207 210 -500.000000000
208 210 199.203597146
209 210 140.796966663
210 210 1119.011717875
211 210 -199.203597146
212 210 -140.796966663
213 210 -500.000000000
208 211 -500.000000000
209 211 0.000000000
210 211 -199.203597146
211 211 1000.000000000
212 211 0.000000000
213 211 211.437497012
214 211 -500.000000000
215 211 0.000000000
216 211 0.000000000
208 212 0.000000000
209 212 -500.000000000
210 212 -140.796966663
211 212 -0.000000000
212 212 1000.000000000
213 212 152.283803246
214 212 -0.000000000
215 212 -500.000000000
216 212 0.000000000
208 213 0.000000000
209 213 0.000000000
210 213 -500.000000000
211 213 211.437497012
212 213 152.283803246
213 213 1135.792343747
214 213 -211.437497012
215 213 -152.283803246
216 213 -500.000000000
211 214 -500.000000000
212 214 -0.000000000
213 214 -211.437497012
214 214 1000.000000000
215 214 0.000000000
216 214 262.695350201
217 214 -500.000000000
218 214 -0.000000000
219 214 0.000000000
211 215 0.000000000
212 215 -500.000000000
213 215 -152.283803246
214 215 0.000000000
215 215 1000.000000000
216 215 211.042369829
217 215 0.000000000
218 215 -500.000000000
219 215 0.000000000
211 216 0.000000000
212 216 0.000000000
213 216 -500.000000000
214 216 262.695350201
215 216 211.042369829
216 216 1227.095457760
217 216 -262.695350201
218 216 -211.042369829
219 216 -500.000000000
214 217 -500.000000000
215 217 0.000000000
216 217 -262.695350201
217 217 1000.000000000
218 217 -0.000000000
219 217 171.964150905
220 217 -500.000000000
221 217 0.000000000
222 217 0.000000000
214 218 -0.000000000
215 218 -500.000000000
216 218 -211.042369829
217 218 0.000000000
218 218 1000.000000000
219 218 108.542314678
220 218 0.000000000
221 218 -500.000000000
222 218 0.000000000
214 219 0.000000000
215 219 0.000000000
216 219 -500.000000000
217 219 171.964150905
218 219 108.542314678
219 219 1082.706206544
220 219 -171.964150905
221 219 -108.542314678
222 219 -500.000000000
217 220 -500.000000000
218 220 0.000000000
219 220 -171.964150905
220 220 1000.000000000
221 220 0.000000000
222 220 268.165493858
223 220 -500.000000000
224 220 0.000000000
225 220 0.000000000
217 221 0.000000000
218 221 -500.000000000
219 221 -108.542314678
220 221 0.000000000
221 221 1000.000000000
222 221 89.001591232
223 221 0.000000000
224 221 -500.000000000
225 221 0.000000000
217 222 0.000000000
218 222 0.000000000
219 222 -500.000000000
220 222 268.165493858
221 222 89.001591232
222 222 1159.668030676
223 222 -268.165493858
224 222 -89.001591232
225 222 -500.000000000
220 223 -500.000000000
221 223 0.000000000
222 223 -268.165493858
223 223 1000.000000000
224 223 -0.000000000
225 223 295.074033699
226 223 -500.000000000
227 223 -0.000000000
228 223 0.000000000
220 224 0.000000000
221 224 -500.000000000
222 224 -89.001591232
223 224 0.000000000
224 224 1000.000000000
225 224 100.919948016
226 224 0.000000000
227 224 -500.000000000
228 224 0.000000000
220 225 0.000000000
221 225 0.000000000
222 225 -500.000000000
223 225 295.074033699
224 225 100.919948016
225 225 1194.507042542
226 225 -295.074033699
227 225 -100.919948016
228 225 -500.000000000
223 226 -500.000000000
224 226 0.000000000
225 226 -295.074033699
226 226 1000.000000000
227 226 -0.000000000
228 226 177.401675109
229 226 -500.000000000
230 226 0.000000000
231 226 0.000000000
223 227 -0.000000000
224 227 -500.000000000
225 227 -100.919948016
226 227 0.000000000
227 227 1000.000000000
228 227 88.422181224
229 227 -0.000000000
230 227 -500.000000000
231 227 0.000000000
223 228 0.000000000
224 228 0.000000000
225 228 -500.000000000
226 228 177.401675109
227 228 88.422181224
228 228 1078.579672928
229 228 -177.401675109
230 228 -88.422181224
231 228 -500.000000000
226 229 -500.000000000
227 229 -0.000000000
228 229 -177.401675109
229 229 1000.000000000
230 229 0.000000000
231 229 250.816460863
232 229 -500.000000000
233 229 -0.000000000
234 229 0.000000000
226 230 0.000000000
227 230 -500.000000000
228 230 -88.422181224
229 230 0.000000000
230 230 1000.000000000
231 230 17.600748290
232 230 0.000000000
233 230 -500.000000000
234 230 0.000000000
226 231 0.000000000
227 231 0.000000000
228 231 -500.000000000
229 231 250.816460863
230 231 17.600748290
231 231 1126.437366761
232 231 -250.816460863
233 231 -17.600748290
234 231 -500.000000000
229 232 -500.000000000
230 232 0.000000000
231 232 -250.816460863
232 232 1000.000000000
233 232 -0.000000000
234 232 173.465222469
235 232 -500.000000000
236 232 0.000000000
237 232 0.000000000
229 233 -0.000000000
230 233 -500.000000000
231 233 -17.600748290
232 233 0.000000000
233 233 1000.000000000
234 233 41.823008569
235 233 0.000000000
236 233 -500.000000000
237 233 0.000000000
229 234 0.000000000
230 234 0.000000000
231 234 -500.000000000
232 234 173.465222469
233 234 41.823008569
234 234 1063.678694904
235 234 -173.465222469
236 234 -41.823008569
237 234 -500.000000000
232 235 -500.000000000
233 235 0.000000000
234 235 -173.465222469
235 235 1000.000000000
236 235 0.000000000
237 235 275.307620381
238 235 -500.000000000
239 235 0.000000000
240 235 0.000000000
232 236 0.000000000
233 236 -500.000000000
234 236 -41.823008569
235 236 0.000000000
236 236 1000.000000000
237 236 50.234383116
238 236 0.000000000
239 236 -500.000000000
240 236 0.000000000
232 237 0.000000000
233 237 0.000000000
234 237 -500.000000000
235 237 275.307620381
236 237 50.234383116
237 237 1156.635558174
238 237 -275.307620381
239 237 -50.234383116
240 237 -500.000000000
235 238 -500.000000000
236 238 0.000000000
237 238 -275.307620381
238 238 1000.000000000
239 238 -0.000000000
240 238 319.819627863
241 238 -500.000000000
242 238 -0.000000000
243 238 0.000000000
235 239 0.000000000
236 239 -500.000000000
237 239 -50.234383116
238 239 0.000000000
239 239 1000.000000000
240 239 -62.693313725
241 239 0.000000000
242 239 -500.000000000
243 239 0.000000000
235 240 0.000000000
236 240 0.000000000
237 240 -500.000000000
238 240 319.819627863
239 240 -62.693313725
240 240 1212.430091905
241 240 -319.819627863
242 240 62.693313725
243 240 -500.000000000
238 241 -500.000000000
239 241 0.000000000
240 241 -319.819627863
241 241 1000.000000000
242 241 -0.000000000
243 241 280.214762032
244 241 -500.000000000
245 241 0.000000000
246 241 0.000000000
238 242 -0.000000000
239 242 -500.000000000
240 242 62.693313725
241 242 0.000000000
242 242 1000.000000000
243 242 96.316031430
244 242 0.000000000
245 242 -500.000000000
246 242 0.000000000
238 243 0.000000000
239 243 0.000000000
240 243 -500.000000000
241 243 280.214762032
242 243 96.316031430
243 243 1175.594181542
244 243 -280.214762032
245 243 -96.316031430
246 243 -500.000000000
241 244 -500.000000000
242 244 0.000000000
243 244 -280.214762032
244 244 1000.000000000
245 244 -0.000000000
246 244 278.035011928
247 244 -500.000000000
248 244 -0.000000000
249 244 0.000000000
241 245 0.000000000
242 245 -500.000000000
243 245 -96.316031430
244 245 0.000000000
245 245 1000.000000000
246 245 111.993676999
247 245 0.000000000
248 245 -500.000000000
249 245 0.000000000
241 246 0.000000000
242 246 0.000000000
243 246 -500.000000000
244 246 278.035011928
245 246 111.993676999
246 246 1179.692103091
247 246 -278.035011928
248 246 -111.993676999
249 246 -500.000000000
244 247 -500.000000000
245 247 0.000000000
246 247 -278.035011928
247 247 1000.000000000
248 247 -0.000000000
249 247 371.837554160
250 247 -500.000000000
251 247 0.000000000
252 247 0.000000000
244 248 -0.000000000
245 248 -500.000000000
246 248 -111.993676999
247 248 0.000000000
248 248 1000.000000000
249 248 69.435308257
250 248 0.000000000
251 248 -500.000000000
252 248 0.000000000
244 249 0.000000000
245 249 0.000000000
246 249 -500.000000000
247 249 371.837554160
248 249 69.435308257
249 249 1286.168857432
250 249 -371.837554160
251 249 -69.435308257
252 249 -500.000000000
247 250 -500.000000000
248 250 0.000000000
249 250 -371.837554160
250 250 1000.000000000
251 250 0.000000000
252 250 206.779918381
253 250 -500.000000000
254 250 0.000000000
255 250 0.000000000
247 251 0.000000000
248 251 -500.000000000
249 251 -69.435308257
250 251 0.000000000
251 251 1000.000000000
252 251 144.686430435
253 251 0.000000000
254 251 -500.000000000
255 251 0.000000000
247 252 0.000000000
248 252 0.000000000
249 252 -500.000000000
250 252 206.779918381
251 252 144.686430435
252 252 1127.384195595
253 252 -206.779918381
254 252 -144.686430435
255 252 -500.000000000
250 253 -500.000000000
251 253 0.000000000
252 253 -206.779918381
253 253 1000.000000000
254 253 0.000000000
255 253 45.729932994
256 253 -500.000000000
257 253 0.000000000
258 253 0.000000000
250 254 0.000000000
251 254 -500.000000000
252 254 -144.686430435
253 254 -0.000000000
254 254 1000.000000000
255 254 -39.583920523
256 254 -0.000000000
257 254 -500.000000000
258 254 0.000000000
250 255 0.000000000
251 255 0.000000000
252 255 -500.000000000
253 255 45.729932994
254 255 -39.583920523
255 255 1007.316227071
256 255 -45.729932994
257 255 39.583920523
258 255 -500.000000000
253 256 -500.000000000
254 256 -0.000000000
255 256 -45.729932994
256 256 1000.000000000
257 256 0.000000000
258 256 194.632782531
259 256 -500.000000000
260 256 0.000000000
261 256 0.000000000
253 257 0.000000000
254 257 -500.000000000
255 257 39.583920523
256 257 -0.000000000
257 257 1000.000000000
258 257 187.036619548
259 257 -0.000000000
260 257 -500.000000000
261 257 0.000000000
253 258 0.000000000
254 258 0.000000000
255 258 -500.000000000
256 258 194.632782531
257 258 187.036619548
258 258 1145.729234175
259 258 -194.632782531
260 258 -187.036619548
261 258 -500.000000000
256 259 -500.000000000
257 259 -0.000000000
258 259 -194.632782531
259 259 1000.000000000
260 259 0.000000000
261 259 105.651170298
262 259 -500.000000000
263 259 0.000000000
264 259 0.000000000
256 260 0.000000000
257 260 -500.000000000
258 260 -187.036619548
259 260 -0.000000000
260 260 1000.000000000
261 260 224.222204474
262 260 0.000000000
263 260 -500.000000000
264 260 0.000000000
256 261 0.000000000
257 261 0.000000000
258 261 -500.000000000
259 261 105.651170298
260 261 224.222204474
261 261 1122.875533529
262 261 -105.651170298
263 261 -224.222204474
264 261 -500.000000000
259 262 -500.000000000
260 262 0.000000000
261 262 -105.651170298
262 262 1000.000000000
263 262 0.000000000
264 262 136.559936204
265 262 -500.000000000
266 262 0.000000000
267 262 0.000000000
259 263 0.000000000
260 263 -500.000000000
261 263 -224.222204474
262 263 0.000000000
263 263 1000.000000000
264 263 188.479010334
265 263 0.000000000
266 263 -500.000000000
267 263 0.000000000
259 264 0.000000000
260 264 0.000000000
261 264 -500.000000000
262 264 136.559936204
263 264 188.479010334
264 264 1108.345907025
265 264 -136.559936204
266 264 -188.479010334
267 264 -500.000000000
262 265 -500.000000000
263 265 0.000000000
264 265 -136.559936204
265 265 1000.000000000
266 265 0.000000000
267 265 178.800897120
268 265 -500.000000000
269 265 0.000000000
270 265 0.000000000
262 266 0.000000000
263 266 -500.000000000
264 266 -188.479010334
265 266 -0.000000000
266 266 1000.000000000
267 266 174.202059417
268 266 -0.000000000
269 266 -500.000000000
270 266 0.000000000
262 267 0.000000000
263 267 0.000000000
264 267 -500.000000000
265 267 178.800897120
266 267 174.202059417
267 267 1124.632236632
268 267 -178.800897120
269 267 -174.202059417
270 267 -500.000000000
265 268 -500.000000000
266 268 -0.000000000
267 268 -178.800897120
268 268 1000.000000000
269 268 0.000000000
270 268 0.909896534
271 268 -500.000000000
272 268 0.000000000
273 268 0.000000000
265 269 0.000000000
266 269 -500.000000000
267 269 -174.202059417
268 269 -0.000000000
269 269 1000.000000000
270 269 195.460487530
271 269 0.000000000
272 269 -500.000000000
273 269 0.000000000
265 270 0.000000000
266 270 0.000000000
267 270 -500.000000000
268 270 0.909896534
269 270 195.460487530
270 270 1076.411260194
271 270 -0.909896534
272 270 -195.460487530
273 270 -500.000000000
268 271 -500.000000000
269 271 0.000000000
270 271 -0.909896534
271 271 1000.000000000
272 271 0.000000000
273 271 29.572091538
274 271 -500.000000000
275 271 0.000000000
276 271 0.000000000
268 272 0.000000000
269 272 -500.000000000
270 272 -195.460487530
271 272 0.000000000
272 272 1000.000000000
273 272 196.448846505
274 272 0.000000000
275 272 -500.000000000
276 272 0.000000000
268 273 0.000000000
269 273 0.000000000
270 273 -500.000000000
271 273 29.572091538
272 273 196.448846505
273 273 1078.933315782
274 273 -29.572091538
275 273 -196.448846505
276 273 -500.000000000
271 274 -500.000000000
272 274 0.000000000
273 274 -29.572091538
274 274 1000.000000000
275 274 0.000000000
276 274 86.627136941
277 274 -500.000000000
278 274 0.000000000
279 274 0.000000000
271 275 0.000000000
272 275 -500.000000000
273 275 -196.448846505
274 275 -0.000000000
275 275 1000.000000000
276 275 130.029965853
277 275 -0.000000000
278 275 -500.000000000
279 275 0.000000000
271 276 0.000000000
272 276 0.000000000
273 276 -500.000000000
274 276 86.627136941
275 276 130.029965853
276 276 1048.824105749
277 276 -86.627136941
278 276 -130.029965853
279 276 -500.000000000
274 277 -500.000000000
275 277 -0.000000000
276 277 -86.627136941
277 277 1000.000000000
278 277 0.000000000
279 277 3.193921647
280 277 -500.000000000
281 277 -0.000000000
282 277 0.000000000
274 278 0.000000000
275 278 -500.000000000
276 278 -130.029965853
277 278 -0.000000000
278 278 1000.000000000
279 278 214.035367248
280 278 0.000000000
281 278 -500.000000000
282 278 0.000000000
274 279 0.000000000
275 279 0.000000000
276 279 -500.000000000
277 279 3.193921647
278 279 214.035367248
279 279 1091.642679137
280 279 -3.193921647
281 279 -214.035367248
282 279 -500.000000000
277 280 -500.000000000
278 280 0.000000000
279 280 -3.193921647
280 280 1000.000000000
281 280 -0.000000000
282 280 -19.344386721
283 280 -500.000000000
284 280 0.000000000
285 280 0.000000000
277 281 -0.000000000
278 281 -500.000000000
279 281 -214.035367248
280 281 0.000000000
281 281 1000.000000000
282 281 162.434272425
283 281 0.000000000
284 281 -500.000000000
285 281 0.000000000
277 282 0.000000000
278 282 0.000000000
279 282 -500.000000000
280 282 -19.344386721
281 282 162.434272425
282 282 1053.518196312
283 282 19.344386721
284 282 -162.434272425
285 282 -500.000000000
280 283 -500.000000000
281 283 0.000000000
282 283 19.344386721
283 283 1000.000000000
284 283 0.000000000
285 283 -87.916092427
286 283 -500.000000000
287 283 0.000000000
288 283 0.000000000
280 284 0.000000000
281 284 -500.000000000
282 284 -162.434272425
283 284 0.000000000
284 284 1000.000000000
285 284 209.596657554
286 284 0.000000000
287 284 -500.000000000
288 284 0.000000000
280 285 0.000000000
281 285 0.000000000
282 285 -500.000000000
283 285 -87.916092427
284 285 209.596657554
285 285 1103.319996331
286 285 87.916092427
287 285 -209.596657554
288 285 -500.000000000
283 286 -500.000000000
284 286 0.000000000
285 286 87.916092427
286 286 1000.000000000
287 286 0.000000000
288 286 -121.979765937
289 286 -500.000000000
290 286 0.000000000
291 286 0.000000000
283 287 0.000000000
284 287 -500.000000000
285 287 -209.596657554
286 287 0.000000000
287 287 1000.000000000
288 287 191.367110525
289 287 0.000000000
290 287 -500.000000000
291 287 0.000000000
283 288 0.000000000
284 288 0.000000000
285 288 -500.000000000
286 288 -121.979765937
287 288 191.367110525
288 288 1103.000868577
289 288 121.979765937
290 288 -191.367110525
291 288 -500.000000000
286 289 -500.000000000
287 289 0.000000000
288 289 121.979765937
289 289 1000.000000000
290 289 0.000000000
291 289 -139.473204803
292 289 -500.000000000
293 289 0.000000000
294 289 0.000000000
286 290 0.000000000
287 290 -500.000000000
288 290 -191.367110525
289 290 0.000000000
290 290 1000.000000000
291 290 221.298974624
292 290 0.000000000
293 290 -500.000000000
294 290 0.000000000
286 291 0.000000000
287 291 0.000000000
288 291 -500.000000000
289 291 -139.473204803
290 291 221.298974624
291 291 1136.852022056
292 291 139.473204803
293 291 -221.298974624
294 291 -500.000000000
289 292 -500.000000000
290 292 0.000000000
291 292 139.473204803
292 292 1000.000000000
293 292 0.000000000
294 292 -189.939465419
295 292 -500.000000000
296 292 0.000000000
297 292 0.000000000
289 293 0.000000000
290 293 -500.000000000
291 293 -221.298974624
292 293 -0.000000000
293 293 1000.000000000
294 293 209.350310798
295 293 -0.000000000
296 293 -500.000000000
297 293 0.000000000
289 294 0.000000000
290 294 0.000000000
291 294 -500.000000000
292 294 -189.939465419
293 294 209.350310798
294 294 1159.809106310
295 294 189.939465419
296 294 -209.350310798
297 294 -500.000000000
292 295 -500.000000000
293 295 -0.000000000
294 295 189.939465419
295 295 1000.000000000
296 295 0.000000000
297 295 -124.014753204
298 295 -500.000000000
299 295 0.000000000
300 295 0.000000000
292 296 0.000000000
293 296 -500.000000000
294 296 -209.350310798
295 296 -0.000000000
296 296 1000.000000000
297 296 35.530994991
298 296 0.000000000
299 296 -500.000000000
300 296 0.000000000
292 297 0.000000000
293 297 0.000000000
294 297 -500.000000000
295 297 -124.014753204
296 297 35.530994991
297 297 1033.284221234
298 297 124.014753204
299 297 -35.530994991
300 297 -500.000000000
295 298 -500.000000000
296 298 0.000000000
297 298 124.014753204
298 298 1000.000000000
299 298 -0.000000000
300 298 -204.694787204
301 298 -500.000000000
302 298 -0.000000000
303 298 0.000000000
295 299 0.000000000
296 299 -500.000000000
297 299 -35.530994991
298 299 0.000000000
299 299 1000.000000000
300 299 25.954901425
301 299 0.000000000
302 299 -500.000000000
303 299 0.000000000
295 300 0.000000000
296 300 0.000000000
297 300 -500.000000000
298 300 -204.694787204
299 300 25.954901425
300 300 1085.147225633
301 300 204.694787204
302 300 -25.954901425
303 300 -500.000000000
298 301 -500.000000000
299 301 0.000000000
300 301 204.694787204
301 301 1000.000000000
302 301 -0.000000000
303 301 -321.475090477
304 301 -500.000000000
305 301 0.000000000
306 301 0.000000000
298 302 -0.000000000
299 302 -500.000000000
300 302 -25.954901425
301 302 0.000000000
302 302 1000.000000000
303 302 -57.826049910
304 302 0.000000000
305 302 -500.000000000
306 302 0.000000000
298 303 0.000000000
299 303 0.000000000
300 303 -500.000000000
301 303 -321.475090477
302 303 -57.826049910
303 303 1213.380171691
304 303 321.475090477
305 303 57.826049910
306 303 -500.000000000
301 304 -500.000000000
302 304 0.000000000
303 304 321.475090477
304 304 1000.000000000
305 304 0.000000000
306 304 -306.617309764
307 304 -500.000000000
308 304 0.000000000
309 304 0.000000000
301 305 0.000000000
302 305 -500.000000000
303 305 57.826049910
304 305 0.000000000
305 305 1000.000000000
306 305 29.603395000
307 305 0.000000000
308 305 -500.000000000
309 305 0.000000000
301 306 0.000000000
302 306 0.000000000
303 306 -500.000000000
304 306 -306.617309764
305 306 29.603395000
306 306 1189.781071285
307 306 306.617309764
308 306 -29.603395000
309 306 -500.000000000
304 307 -500.000000000
305 307 0.000000000
306 307 306.617309764
307 307 1000.000000000
308 307 0.000000000
309 307 -136.048673013
310 307 -500.000000000
311 307 0.000000000
312 307 0.000000000
304 308 0.000000000
305 308 -500.000000000
306 308 -29.603395000
307 308 0.000000000
308 308 1000.000000000
309 308 22.905938627
310 308 0.000000000
311 308 -500.000000000
312 308 0.000000000
304 309 0.000000000
305 309 0.000000000
306 309 -500.000000000
307 309 -136.048673013
308 309 22.905938627
309 309 1038.067846906
310 309 136.048673013
311 309 -22.905938627
312 309 -500.000000000
307 310 -500.000000000
308 310 0.000000000
309 310 136.048673013
310 310 500.000000000
311 310 0.000000000
312 310 0.000000000
307 311 0.000000000
308 311 -500.000000000
309 311 -22.905938627
310 311 0.000000000
311 311 500.000000000
312 311 0.000000000
307 312 0.000000000
308 312 0.000000000
309 312 -500.000000000
310 312 0.000000000
311 312 0.000000000
312 312 500.000000000
