-0.8262837386148626 0.05876014483052083 -0.5874127880211345 -178.3384251975913 0.0911994838539961 1.008182397450194 -0.08063674597974953 10.945062056774766 0.4306176606839435 0.06438963626448015 -0.9002346624475646 53.80570414959398
-0.8468416778851947 0.02668889319883028 -0.5598199176663355 -178.58362847736277 0.08771197152588277 1.0018729270283597 -0.14074281688934207 11.660659366708384 0.39803448239450806 0.01274347778471931 -0.9172819409326816 53.06960590815478
-0.8897436589302486 0.017852016992941082 -0.4891716861241736 -178.91157482441812 0.07425902220805286 0.9996698616020429 -0.16247207224546495 11.71401430295007 0.32183242592580996 -0.0009466098961491804 -0.9467962080329928 52.902453339371526
-0.9289140724869946 0.03668305761930576 -0.4086861666507831 -179.042089314875 0.06648589628566805 1.0039584387760447 -0.13747168640011628 11.253072529798066 0.2379292879880416 0.027382490997156055 -0.970896464828841 53.14480029347864
-0.9459006852011181 0.035181282089556495 -0.3678117080470025 -179.23448376396988 0.058447983231927333 1.0042172346980154 -0.1392225712463385 11.136629293855508 0.1953693344867411 0.028759356655037115 -0.9803079531350201 52.51633800909194
-0.9657518319876301 0.03257648109867567 -0.31227162019699395 -179.29638033758752 0.044662741217729195 1.00572931084777 -0.13328572553161872 10.995759297465051 0.1382472879753765 0.03847941416111817 -0.9896499132251435 52.180291869182184
-0.9886742582252022 0.027459019777024585 -0.2302621356013579 -179.60069704395434 0.02747297681357418 1.006293366782083 -0.1336795861017163 10.887359929377862 0.05469997995457139 0.04165241559971637 -0.9976336624973147 51.88208846603206
-0.9987293105126294 0.026303507638007356 -0.1819319280643951 -179.74414161909854 0.019235378194909357 1.0067301615764996 -0.1318172611863235 10.769047152685713 0.006149244955182864 0.044678473028038575 -0.9989824635868433 50.8716305997805
-1.0039322877280226 -2.8792216270192355e-05 -0.15287712727888894 -179.63989963072203 -0.0068312994730917904 1.0028383175410676 -0.1597497182291436 11.148514691652332 -0.023875443076060675 0.016888161637942777 -0.9995722662206376 50.4114114124622
-1.0094667326304847 -0.011622741394458421 -0.10996960820381028 -179.61350775823743 -0.022721124280077533 0.9989516186575037 -0.18119279247871495 11.303986100246927 -0.0663626451057129 -0.005523630463847676 -0.9977802822707281 49.78569854939357
-1.0111101707407881 -0.04472673301146806 -0.08310932018168819 -179.403259914493 -0.056325602437016946 0.9890999260855112 -0.22306986637299564 11.701437227513248 -0.09084336043070579 -0.05074827627418175 -0.9945713069374146 48.9835536151372
-1.0122271759973565 -0.07487977532810088 -0.03225871859459525 -179.28399272042577 -0.09479497188572583 0.9766977074810232 -0.2613940214155427 11.960763515801089 -0.1361125671641591 -0.09610164325936847 -0.9860212474434046 48.127323189599004
-1.0074179055006516 -0.12407905230672343 -0.03106422524848332 -178.66187514371364 -0.13931277152288418 0.9568898675140131 -0.3101694630509367 12.425918089382492 -0.12659648436877427 -0.1514516856452211 -0.9803242931819222 47.99677566989744
-1.013979214162701 -0.04245419906520763 0.03598813202520409 -179.02675450301786 -0.07984846290542352 0.9894515546766846 -0.21415222222136923 11.254378598057437 -0.20694947402925248 -0.04951399080105968 -0.9770979115006756 47.57412733082982
-1.0093182112928758 -0.02161738873704899 0.10982197460328628 -179.04019876603232 -0.0738915863473893 0.9930586567762487 -0.19906236478933356 10.90464514789064 -0.2788199599445977 -0.03510599593361374 -0.9597015635192864 46.49614581964505
